00100000
00000001
00100001
00001001
00000110
01111010
10000001
01000000
00000100
11111111
01011001
01100001
00100000
01110011
01101101
01101111
01110100
01110010
01111001
00100000
01100001
01101110
01101001
01101101
01100101
00100000
01111001
01100001
00100000
01101111
01100011
01101000
01100101
01101110
00100000
01100011
01110010
01110101
01110100
01101111
01101010
00100000
01101101
01100001
01101101
01100001
00100000
01110011
01101101
01101111
01110100
01110010
01101001
00100000
01111001
01100001
00100000
01101011
01100001
01101011
00100000
01101110
01100001
01110010
01110101
01110100
01101111